0.220945
0.167278
0.253419
0.00794223
1.19418
2.09608
0.369503
12.854
2.46149
1.57947
3.96945
0.276875
3.19324
0.513398
0.457104
0.824414
0.69173
3.06919
1.13955
1.4154
2.02949
0.363296
0.786235
3.20362
2.39517
0.871242
0.489047
2.34645
0.971564
0.546063
0.279714
0.307104
0.473827
0.427061
0.239947
2.09296
0.793899
0.447553
2.31165
4.11838
1.11453
1.36957
3.95424
4.16945
2.97621
0.743459
0.878944
2.01456
0.00328619
4.95442
1.07474
1.95587
1.02082
1.33873
0.34441
1.13686
2.23056
3.74669
0.0176075
0.69251
0.138417
1.84529
3.81294
0.901071
1.10341
0.48583
0.325461
2.74218
0.861676
0.768228
1.33099
1.81206
0.610078
0.737248
1.73035
0.154987
1.93997
0.158118
1.84804
0.688567
0.551812
3.44422
1.67594
1.0433
2.1987
2.78496
0.121828
3.39862
0.629462
0.281359
0.712958
1.44077
1.91863
0.756612
1.12092
2.01407
2.69721
1.16459
6.13692
0.0771821
0.512289
2.26194
1.6719
0.788385
2.30809
0.573014
0.804848
3.74525
1.43318
3.38821
0.360003
0.53263
3.99102
1.99338
0.814729
1.96623
0.841287
4.07324
0.124919
0.86616
0.653415
0.311365
2.58332
0.388463
1.69624
0.583202
2.12742
2.4874
0.705089
0.0112722
1.3282
0.639546
1.5459
5.01823
3.99901
1.55899
1.6333
2.63384
1.52006
1.03886
0.546871
0.413411
2.65169
1.36842
4.7049
0.536988
1.25518
0.294121
1.73786
0.133977
4.72219
0.557051
0.625135
3.60816
3.50761
3.20382
3.00897
0.609375
1.72819
4.05054
1.73316
1.09521
0.789432
1.84729
5.45389
2.17842
0.470332
1.42972
0.511462
0.172123
2.36095
0.269188
3.00418
1.24352
14.8832
0.722628
1.2968
1.74646
0.2075
1.23331
5.86271
2.22897
0.660266
2.12789
3.171
5.30557
2.735
0.367227
0.613031
0.568564
0.539076
2.00376
4.33523
1.38308
5.87931
1.23636
1.11717
0.0400185
0.548719
2.61455
1.69554
3.00385
0.0806487
0.383869
0.83692
0.100707
1.49789
0.245674
3.79873
2.02341
0.433138
0.918496
1.21998
0.0473296
0.0961763
4.25737
1.01584
0.293842
2.11819
0.0699929
4.55056
3.02933
1.32571
0.596087
0.699626
6.02285
0.728971
3.32868
1.12132
1.33456
1.22542
0.749509
1.83197
0.251799
2.16074
7.8235
0.609992
3.88194
2.06358
1.98305
0.862476
2.72481
1.01826
1.9966
0.6529
0.961335
5.45949
5.10412
0.571032
