74.6446
1.82505
7.66258
6.22965
0.403484
1.2791
4.14392
2.05925
1.8523
1.74709
3.675
0.620669
2.96987
4.36795
2.36561
7.00387
6.73421
4.50269
4.61895
3.87595
2.00544
0.883066
1.38862
0.99456
3.46947
10.6294
0.177083
1.6096
3.74427
2.44858
1.03319
1.75197
0.674873
4.40636
1.7654
3.26937
1.01094
0.663687
0.214568
0.680003
4.08458
0.306778
2.28952
0.575635
1.03598
2.6859
7.15247
2.82164
4.88698
10.2495
3.89746
2.9955
2.10706
1.3163
0.809725
1.36774
3.42926
7.67964
1.38467
1.89299
0.27464
6.39102
6.18412
2.20395
2.13254
6.58671
1.82371
2.99079
3.24654
10.1088
3.17735
5.62498
2.20553
1.31176
0.351081
2.22637
1.81053
2.56097
0.923041
1.06007
4.10267
5.71783
1.01533
2.1698
1.48734
4.49753
0.127143
3.52713
0.214477
0.465044
2.84511
1.98724
1.76566
4.67164
1.47306
1.35497
7.13631
3.41902
2.37647
3.08893
2.15478
4.96754
1.0012
2.1413
0.94592
2.39422
1.85233
3.08723
0.937876
1.15434
3.55465
3.76426
2.7351
2.67644
1.53817
1.52126
0.509018
2.52343
1.82859
2.74098
5.51851
5.40931
1.76416
3.98645
3.3724
2.13427
0.300549
2.10146
1.27651
4.08989
0.68624
0.22915
3.9131
0.440037
1.15604
5.27032
5.90637
3.80619
5.34624
2.85967
3.92409
3.01785
1.03796
0.297302
4.479
0.453767
0.40666
2.49937
3.86672
0.313693
6.11789
0.919012
7.02899
1.0075
1.83381
1.24545
1.7672
1.75323
2.71493
1.62855
2.76612
3.55727
2.9872
0.283601
4.56981
2.07911
2.27908
5.1306
7.9623
1.68837
0.665721
1.70432
3.94327
1.09575
4.90852
1.54622
2.45839
1.92133
6.5142
2.01037
0.892107
3.39971
1.86651
0.933005
1.94982
3.46909
0.301933
1.8497
1.32708
6.29187
0.179264
11.2267
3.47237
0.397892
1.4976
1.07595
2.0129
1.6612
5.17745
2.24502
2.75244
1.79734
6.99842
8.28283
0.280798
0.691567
3.00453
2.12811
1.1425
0.610806
8.96978
2.31424
0.908572
3.15947
4.81227
1.77283
5.53182
1.57648
2.5873
5.73311
1.60829
6.17085
4.51929
1.68025
1.24016
4.48344
1.69736
5.88465
2.86308
0.443208
0.0599047
0.527335
0.269947
7.73945
6.59858
0.577293
2.01271
0.216787
1.32014
0.532497
2.65573
9.76297
0.191311
6.70717
4.01365
2.64839
6.47633
1.42503
1.98081
